# The user's own running app (UI process 224903, WebView 225036), observed passively: /proc/<pid>/task/*/stat, /proc/<pid>/status, /proc/<pid>/fdinfo (i915 drm-engine-render).
# CPU as % of ONE core, averaged over 2-minute windows. A negative value means the threads of that name were replaced during the window (their counters restart): 17:40-17:44 is the user's capture restarting after the source change requested at 17:22:31.
# The audit's own builds and measurements were running on the same machine in this period.

## user session, 9 Oct 2026
# columns: local time | capture threads % | UI main % | UI ReceiveQueue % | WebView main % | HeapHelper (GC) % | WebView ReceiveQueue % | ThreadedCompositor % | Worker % | GPU render busy % | WebView RSS MiB | WebView RssAnon MiB | UI RSS MiB
16:12:56 |  122.7 |  41.7 |  9.7 |  71.3 |  22.7 |  9.8 |  8.4 |   0.0 |  56.3 |  1381.1 |  1205.6 |  206.7
16:14:56 |  119.7 |  41.6 |  9.5 |  71.1 |  18.2 |  9.5 |  8.6 |   0.0 |  57.0 |  1379.7 |  1204.2 |  206.6
16:16:56 |   85.9 |  23.1 |  5.0 |  41.8 |   6.0 |  4.9 |  4.5 |   0.0 |  44.3 |  1380.5 |  1205.0 |  206.6
16:18:56 |  112.3 |  40.4 |  8.9 |  72.5 |  15.6 |  8.9 | 10.9 |   0.0 |  67.3 |  1390.2 |  1214.6 |  206.8
16:20:56 |  116.3 |  39.0 |  8.6 |  75.2 |  18.2 |  8.6 |  7.6 |   0.0 |  72.9 |  1389.1 |  1213.6 |  206.8
16:22:56 |  114.4 |  25.8 |  6.4 |  58.0 |   6.4 |  6.2 |  4.8 |   0.0 |  51.3 |  1390.3 |  1214.8 |  206.6
16:24:56 |  123.6 |  35.1 |  8.7 |  73.6 |  12.7 |  8.7 |  6.0 |   0.0 |  67.8 |  1387.8 |  1212.3 |  206.7
16:26:56 |  123.0 |  32.5 |  8.2 |  69.2 |  13.6 |  8.2 |  5.1 |   0.0 |  60.8 |  1388.4 |  1212.9 |  206.7
16:28:56 |  104.9 |  21.8 |  5.5 |  51.7 |   6.4 |  5.4 |  4.4 |   0.0 |  47.8 |  1387.7 |  1212.1 |  207.2
16:30:56 |  123.4 |  34.2 |  8.8 |  66.6 |  12.4 |  8.7 |  4.8 |   0.0 |  53.4 |  1410.3 |  1234.8 |  206.9
16:32:56 |  127.6 |  33.9 |  9.2 |  61.9 |  14.5 |  9.1 |  3.6 |   0.0 |  42.2 |  1390.4 |  1214.9 |  207.0
16:34:56 |  127.6 |  34.2 |  9.2 |  62.4 |  14.1 |  9.1 |  3.6 |   0.0 |  42.5 |  1387.7 |  1212.2 |  207.1
16:36:56 |  126.1 |  32.7 |  8.8 |  60.6 |   9.3 |  8.6 |  3.6 |   0.0 |  42.3 |  1398.3 |  1222.8 |  207.0
16:38:56 |  123.9 |  30.5 |  7.8 |  61.4 |   8.5 |  7.7 |  5.1 |   0.0 |  47.7 |  1406.3 |  1230.8 |  207.1
16:40:56 |  127.2 |  34.5 |  9.3 |  62.4 |  14.9 |  9.2 |  3.6 |   0.0 |  42.9 |  1397.1 |  1221.6 |  207.1
16:42:56 |  128.1 |  35.6 |  9.6 |  64.2 |  14.0 |  9.6 |  3.7 |   0.0 |  44.1 |  1399.6 |  1224.1 |  207.1
16:44:56 |  127.8 |  36.0 |  9.7 |  63.9 |  16.2 |  9.7 |  3.6 |   0.0 |  44.1 |  1394.0 |  1218.4 |  207.2
16:46:56 |  127.5 |  36.2 |  9.7 |  65.7 |  12.9 |  9.6 |  3.8 |   0.0 |  44.6 |  1398.9 |  1223.4 |  207.1
16:48:56 |  127.6 |  34.9 |  9.3 |  64.5 |  12.2 |  9.3 |  3.8 |   0.0 |  43.7 |  1402.2 |  1226.6 |  207.1
16:50:56 |  121.8 |  34.1 |  8.6 |  69.8 |   9.7 |  8.5 |  5.6 |   0.0 |  60.8 |  1397.5 |  1222.0 |  207.2
16:52:56 |  121.9 |  29.1 |  7.3 |  59.9 |   9.6 |  7.0 |  4.5 |   0.0 |  48.8 |  1397.1 |  1221.6 |  207.1
16:54:56 |  114.1 |  24.0 |  6.2 |  51.6 |   5.5 |  6.0 |  3.7 |   0.0 |  40.9 |  1401.1 |  1225.6 |  207.1
16:56:56 |  119.6 |  30.9 |  7.7 |  64.1 |  10.4 |  7.5 |  5.0 |   0.0 |  53.8 |  1393.6 |  1218.1 |  207.2
16:58:56 |  123.4 |  34.9 |  8.9 |  70.2 |   9.7 |  8.7 |  5.4 |   0.0 |  59.3 |  1402.1 |  1226.6 |  207.2
17:00:56 |  115.1 |  29.8 |  7.3 |  63.5 |   8.1 |  7.2 |  5.5 |   0.0 |  57.7 |  1389.1 |  1213.6 |  207.2
17:02:56 |  123.6 |  32.7 |  8.3 |  64.2 |  10.5 |  8.2 |  4.6 |   0.0 |  50.7 |  1400.5 |  1225.0 |  207.2
17:04:56 |  122.4 |  31.3 |  7.9 |  60.7 |  10.9 |  7.8 |  4.2 |   0.0 |  46.5 |  1398.7 |  1223.2 |  207.1
17:06:56 |  121.3 |  32.0 |  8.0 |  62.4 |   8.1 |  7.8 |  4.4 |   0.0 |  48.5 |  1400.6 |  1225.1 |  207.1
17:08:56 |  125.4 |  33.7 |  8.5 |  63.0 |  11.5 |  8.3 |  4.2 |   0.0 |  45.8 |  1395.6 |  1220.1 |  207.1
17:10:56 |  121.4 |  32.0 |  8.0 |  64.4 |   7.5 |  7.8 |  4.8 |   0.0 |  52.8 |  1396.1 |  1220.6 |  207.1
17:12:56 |  122.5 |  32.3 |  8.0 |  65.4 |  10.0 |  7.9 |  4.9 |   0.0 |  54.8 |  1398.5 |  1223.0 |  207.1
17:14:56 |  121.2 |  32.5 |  8.1 |  61.7 |   9.7 |  7.9 |  4.2 |   0.0 |  46.2 |  1391.4 |  1215.9 |  207.3
17:16:56 |  115.1 |  38.2 |  8.7 |  65.7 |  13.0 |  8.6 |  4.4 |   0.0 |  45.4 |  1392.1 |  1216.6 |  207.3
17:18:56 |  114.1 |  37.9 |  8.6 |  65.4 |  12.5 |  8.5 |  4.4 |   0.0 |  45.3 |  1389.9 |  1214.4 |  207.3
17:20:56 |  110.6 |  32.3 |  6.9 |  58.0 |  10.9 |  6.8 |  6.7 |   0.0 |  46.0 |  1387.3 |  1211.8 |  206.8
17:22:56 |   95.2 |  12.5 |  1.7 |  26.1 |   0.6 |  1.7 |  6.9 |   0.0 |  50.0 |  1391.2 |  1215.7 |  206.8
17:24:56 |   96.0 |  13.6 |  2.3 |  31.5 |   0.7 |  2.3 |  7.8 |   0.0 |  70.4 |  1388.4 |  1212.9 |  206.8
17:26:56 |   96.8 |  12.0 |  2.2 |  29.3 |   0.8 |  2.2 |  6.9 |   0.0 |  66.1 |  1388.2 |  1212.7 |  206.8
17:28:56 |   96.5 |  12.0 |  2.2 |  27.9 |   0.8 |  2.1 |  6.6 |   0.0 |  61.8 |  1388.2 |  1212.7 |  206.8
17:30:56 |   96.5 |  11.7 |  2.1 |  26.4 |   0.9 |  2.1 |  6.1 |   0.0 |  57.9 |  1388.3 |  1212.8 |  206.8
17:32:56 |   97.5 |  11.3 |  2.1 |  25.8 |   0.9 |  2.1 |  6.0 |   0.0 |  56.7 |  1388.5 |  1212.9 |  206.8
17:34:56 |   96.8 |  10.8 |  2.0 |  24.0 |   0.9 |  2.0 |  5.5 |   0.0 |  53.3 |  1388.6 |  1213.1 |  206.8
17:36:56 |   96.6 |  12.3 |  2.2 |  27.6 |   0.9 |  2.2 |  6.6 |   0.0 |  60.0 |  1388.8 |  1213.2 |  206.8
17:38:56 |   96.9 |  12.4 |  2.1 |  27.7 |   0.9 |  2.1 |  6.7 |   0.0 |  61.9 |  1388.9 |  1213.4 |  206.8
17:40:56 | -1547.5 |  16.7 |  3.3 |  31.7 |   4.7 |  3.3 |  6.4 |   0.0 |  55.7 |  1392.9 |  1217.4 |  207.4
17:42:56 | -6216.9 |  36.6 |  8.4 |  53.4 |  18.3 |  8.4 |  5.6 |   0.0 |  54.0 |  1397.4 |  1221.9 |  207.3
17:44:56 |  113.1 |  37.1 |  8.5 |  53.9 |  17.0 |  8.5 |  6.0 |   0.0 |  57.3 |  1393.3 |  1217.7 |  207.0
17:46:56 |  113.1 |  40.8 |  9.1 |  57.1 |  14.2 |  9.1 |  6.9 |   0.0 |  53.0 |  1393.8 |  1218.3 |  206.9
17:48:56 |  114.1 |  42.4 |  9.3 |  58.9 |  13.0 |  9.3 |  7.3 |   0.0 |  56.2 |  1399.0 |  1223.5 |  206.9
17:50:56 |  116.4 |  40.4 |  9.3 |  56.9 |  15.9 |  9.3 |  6.5 |   0.0 |  52.6 |  1397.4 |  1221.9 |  206.8
17:52:56 |  123.4 |  38.1 |  9.9 |  54.9 |  10.1 |  9.8 |  5.3 |   0.0 |  50.3 |  1403.0 |  1227.5 |  206.8
17:54:56 |  123.1 |  38.5 | 10.0 |  55.4 |  11.0 |  9.9 |  5.4 |   0.0 |  51.3 |  1407.5 |  1232.0 |  206.7
17:56:56 |  120.8 |  43.1 | 10.7 |  61.2 |  14.6 | 10.6 |  7.4 |   0.0 |  66.2 |  1395.6 |  1220.0 |  206.8
17:58:56 |  119.9 |  43.4 | 10.4 |  62.6 |  11.4 | 10.4 |  8.6 |   0.0 |  75.0 |  1395.9 |  1220.4 |  206.8
18:00:56 |  105.0 |  32.5 |  7.7 |  48.2 |  11.4 |  7.5 |  7.1 |   0.0 |  60.9 |  1400.9 |  1225.3 |  206.8
18:02:56 |  115.1 |  42.3 |  9.9 |  57.8 |  20.2 |  9.8 |  7.5 |   0.0 |  73.4 |  1390.9 |  1215.4 |  207.0
18:04:56 |  112.4 |  40.7 |  9.2 |  54.3 |  19.6 |  9.2 |  6.5 |   0.0 |  69.1 |  1393.6 |  1218.0 |  207.0
